0.142857 0.142857 0.000000 0.000000 0.000000 0.000000 0.000000 0.000000
0.000000 0.000000 0.000000 0.000000 0.000000 0.000000 0.142857 0.000000
0.000000 0.142857 0.142857 0.142857 0.142857 0.142857 0.142857 0.000000
0.142857 0.285714 0.285714 0.285714 0.285714 0.142857 0.000000 0.000000
0.285714 0.428571 0.428571 0.428571 0.285714 0.142857 0.000000 0.000000
0.428571 0.571429 0.571429 0.428571 0.285714 0.142857 0.000000 0.142857
0.571429 0.571429 0.428571 0.285714 0.142857 0.000000 0.000000 0.142857
0.714286 0.571429 0.428571 0.285714 0.142857 0.000000 0.142857 0.285714
0.571429 0.428571 0.285714 0.142857 0.000000 0.000000 0.142857 0.285714
0.571429 0.428571 0.285714 0.142857 0.000000 0.142857 0.285714 0.428571
0.428571 0.285714 0.142857 0.000000 0.000000 0.142857 0.285714 0.428571
0.428571 0.285714 0.142857 0.000000 0.142857 0.285714 0.428571 0.571429
0.428571 0.285714 0.142857 0.142857 0.285714 0.428571 0.571429 0.714286
0.285714 0.142857 0.000000 0.142857 0.285714 0.428571 0.571429 0.714286
0.428571 0.285714 0.142857 0.285714 0.428571 0.571429 0.714286 0.857143
0.571429 0.428571 0.285714 0.428571 0.571429 0.714286 0.857143 1.000000
